
M650 [9]

>  FE 00 00 01 01 01 01 00 00 00 00 (000)
>  FE 0C 00 05 01 34 56 00 00 00 00 (012) 55 53 42 20 52 65 63 65 69 76 65 72 [USB Receiver]
>  FE 54 00 06 02 01 AA 00 00 00 00 (084) 09 02 54 00 03 01 04 A0 31 09 04 00 00 01 03 01 01 00 09 21 11 01 00 01 22 43 00 07 05 81 03 40 00 01 09 04 01 00 01 03 01 02 00 09 21 11 01 00 01 22 85 FE 43 00 07 00 00 00 00 00 00 00 05 01 09 06 A1 01 05 07 19 E0 29 E7 15 00 25 01 75 01 95 08 81 02
>  FE 85 00 07 01 01 00 00 00 00 00 (133) 05 01 09 02 A1 01 FE 14 00 04 01 02 03 6D 04 48 C5 11 02 07 00 55 08 00 00 00 00 00 00 00 00 00 00 00 00 00 00 0A FE 09 00 04 02 01 02 6D 04 48 C5 02 00 00 00 00 00 00 00 00 0A FE 09 00 04 02 01 02 6D 04 48 C5 02 01 00 00 00 00 00 00 00 0A FE 09 00 04 02 01 02 6D 04 48 C5 02 00 00 00 00 00 00 00 00 0A FE 09 00 04 02 01 02 6D 04 48 C5 02 01 00 00 00 00 00 00 00 0A FE 09 00 04 02 01 02 6D 04 48 C5
>  FE 09 00 04 02 01 02 6D 04 48 C5 (009) 02 01 00 00 00 00 00 00 00
>  FE 09 00 04 02 01 02 6D 04 48 C5 (009) 02 00 00 00 00 00 00 00 00
>  FE 00 00 02 01 01 01 00 00 00 00 (000)

M575 [8]

>  FE 00 00 01 01 01 01 00 00 00 00 (000)
>  FE 0C 00 05 01 34 56 00 00 00 00 (012) 55 53 42 20 52 65 63 65 69 76 65 72 [USB Receiver]
>  FE 54 00 06 02 01 AA 00 00 00 00 (084) 09 02 54 00 03 01 04 A0 31 09 04 00 00 01 03 01 01 00 09 21 11 01 00 01 22 3B 00 07 05 81 03 08 00 08 09 04 01 00 01 03 01 02 00 09 21 11 01 00 01 22 94 00 07 05 82 03 08 00 02 09 04 02 00 01 03 00 00 00 09 21 11 01 00 01 22 5D 00 07 05 83 03 20 00 02
>  FE 3B 00 07 00 00 00 00 00 00 00 (059) 05 01 09 06 A1 01 95 08 75 01 15 00 25 01 05 07 19 E0 29 E7 81 02 81 03 95 05 05 08 19 01 29 05 91 02 95 01 75 03 91 01 95 06 75 08 15 00 26 FF 00 05 07 85 05 09 19 01 29 10 81
>  FE 14 00 04 01 02 03 6D 04 2B C5 (020) 11 01 07 00 64 08 00 00 00 00 00 00 00 00 00 00 00 00 00 00
>  FE 08 00 04 02 01 02 6D 04 2B C5 (008) 02 00 00 00 00 00 00 00
>  FE 08 00 04 02 01 02 6D 04 2B C5 (008) 02 01 00 00 00 00 00 00
>  FE 08 00 04 02 01 02 6D 04 2B C5 (008) 02 00 00 00 00 00 00 00
>  FE 00 00 02 01 01 01 00 00 00 00 (000)

M186 [8]

>  FE 00 00 01 01 01 01 00 00 00 00 (000)
>  FE 0C 00 05 01 34 56 00 00 00 00 (012) 55 53 42 20 52 65 63 65 69 76 65 72 [USB Receiver]
>  FE 3B 00 06 02 01 AA 00 00 00 00 (059) 09 02 3B 00 02 01 04 A0 31 09 04 00 00 01 03 01 01 00 09 21 11 01 00 01 22 3B 00 07 05 81 03 08 00 08 09 04 01 00 01 03 01 02 00 09 21 11 01 00 01 22 B1 00 07 05 82 03 14 00 02
>  FE 3B 00 07 00 00 00 00 00 00 00 (059) 05 01 09 06 A1 01 05 07 19 E0 29 E7 15 00 25 01 75 01 95 08 81 02 81 03 95 05 05 08 19 01 29 05 91 02 95 01 75 03 91 01 95 06 75 08 15 00 26 A4 00 05 07 FE B1 00 07 01 01 00 00
>  FE 08 00 04 02 01 02 6D 04 34 C5 (008) 02 01 00 00 00 00 00 00
>  FE 08 00 04 02 01 02 6D 04 34 C5 (008) 02 00 00 00 00 00 00 00
>  FE 00 00 02 01 01 01 00 00 00 00 (000)

M212 [8]

>  FE 00 00 01 01 01 01 00 00 00 00 (000)
>  FE 0C 00 05 01 34 56 00 00 00 00 (012) 55 53 42 20 52 65 63 65 69 76 65 72 [USB Receiver]
>  FE 3B 00 06 02 01 AA 00 00 00 00 (059) 09 02 3B 00 02 01 04 A0 31 09 04 00 00 01 03 01 01 00 09 21 11 01 00 01 22 3B 00 07 05 81 03 08 00 08 09 04 01 00 01 03 01 02 00 09 21 11 01 00 01 22 B1 00 07 05 82 03 14 00 02
>  FE 3B 00 07 00 00 00 00 00 00 00 (059) 05 01 09 06 A1 01 05 07 19 E0 29 E7 15 00 25 01 75 01 95 08 81 02 81 03 95 05 05 08 19 01 29 05 91 02 95 01 75 03 91 01 95 06 75 08 15 00 26 A4 00 05 07 FE B1 00 07 01 01 00 00
>  FE 08 00 04 02 01 02 6D 04 34 C5 (008) 02 01 00 00 00 00 00 00
>  FE 08 00 04 02 01 02 6D 04 34 C5 (008) 02 00 00 00 00 00 00 00
>  FE 00 00 02 01 01 01 00 00 00 00 (000)

M331 [8*]

>  FE 00 00 01 01 01 01 00 00 00 00 (000)
>  FE 0C 00 05 01 34 56 00 00 00 00 (012) 55 53 42 20 52 65 63 65 69 76 65 72 [USB Receiver]
>  FE 3B 00 06 02 01 AA 00 00 00 00 (059) 09 02 3B 00 02 01 04 A0 31 09 04 00 00 01 03 01 02 00 09 21 11 01 00 01 22 43 00 07 05 81 03 08 00 02 09 04 01 00 01 03 00 00 00 09 21 11 01 00 01 22 4F 00 07 05 82 03 14 00 02
>  FE 43 00 07 00 00 00 00 00 00 00 (067) 05 01 09 02 A1 01 09 01 A1 00 05 09 19 01 29 10 15 00 25 01 95 10 75 01 81 02 05 01 16 01 80 26 FF 7F 75 10 95 02 09 30 09 31 81 06 15 81 25 7F 75 08 95 FE 4F 00 07 01 01 00 00 00 00 00 05 0C 09 01 A1
>  FE 08 00 04 02 00 01 6D 04 2F C5 (008) 01 00 00 00 00 00 00 00
>  FE 08 00 04 02 00 01 6D 04 2F C5 (008) 00 00 00 00 00 00 00 00
>  FE 00 00 02 01 01 01 00 00 00 00 (000)

Digio MUS-RKT109BL [6]

>  FE 00 00 01 01 01 01 00 00 00 00 (000)
>  FE 0B 00 05 01 34 56 00 00 00 00 (011) 4C 61 73 65 72 20 6D 6F 75 73 65 [Laser mouse]
>  FE 54 00 06 02 01 AA 00 00 00 00 (084) 09 02 54 00 03 01 00 A0 32 09 04 00 00 01 03 01 02 00 09 21 01 01 00 01 22 57 00 07 05 81 03 40 00 01 09 04 01 00 01 03 00 00 00 09 21 01 01 00 01 22 19 FE 57 00 07 00 00 00 00 00 00 00 05 01 09 02 A1 01 09 01 A1 00 05 09 19 01 29 05 15 00 25 01 95 05
>  FE 06 00 04 02 00 01 A7 25 10 24 (006) 00 00 00 00 00 00
>  FE 06 00 04 02 00 01 A7 25 10 24 (006) 01 00 00 00 00 00
>  FE 06 00 04 02 00 01 A7 25 10 24 (006) 00 00 00 00 00 00
>  FE 00 00 02 01 01 01 00 00 00 00 (000)


[6]
BB, XX, Yx, yy, WW, 00 => xXX, yyY

[8]
02, BB, 00, XX, Yx, yy, WW, 00 => xXX, yyY

[8*]
BB, 00, XX, xx, YY, yy, WW, 00 => xxXX, yyYY

[9]
02, BB, 00, XX, xx, YY, yy, WW, 00 => xxXX, yyYY
